"";"Sp";"Now_Pot";"Now_Hab";"Int_LUC";"CC_LNAE";"BAU_Pot";"BAU_Hab"
"1";"akodon cursor";19046200,7432418;3327997,36431252;2370300,28105712;1280919,8488541;6009549,19742764;1053466,79158094
"2";"akodon montensis";16831526,2382137;1927365,38005149;1197121,35406925;897841,015551939;8176338,84829299;490819,755168393
"3";"alouatta caraya";157996076,31006;29532983,8048884;20171494,8160669;33447570,6326949;164987265,017824;23008672,425211
"4";"alouatta ululata";4010356,53613199;1963279,02067357;1795682,03110388;3555450,42158568;9014323,79614146;3208285,22890559
"5";"aotus azarae";57114659,802644;19620818,993195;14353485,0352903;23463578,5397573;79093807,8633554;17226576,2850565
"6";"bibimys labiosus";9289661,70757739;1340775,91655756;814042,520767091;239424,27081385;1400631,98426102;155625,776029003
"7";"blastocerus dichotomus";175653616,282581;36045323,9710252;24600843,8261231;35422820,8669092;171655230,95999;24433246,8365534
"8";"bradypus variegatus";145833323,352716;34213728,2992992;24469160,4771755;34177814,6586771;145821352,139176;24457189,2636348
"9";"cabassous tatouay";107202217,256901;15598491,2435223;10965631,6032743;14245744,1134241;98882223,8461202;10223416,3637514
"10";"cabassous unicinctus";183997552,120444;39672601,673855;27785186,6279473;36715711,9293039;174061444,881669;25259260,5708612
"11";"callicebus nigrifrons";24936037,8052625;2621695,76541166;1675969,89569695;2226645,71856881;19560962,9254916;1460488,05196449
"12";"callithrix geoffroyi";1544286,54674933;586589,463493933;550675,822871856;11971,2135406925;35913,6406220775;11971,2135406925
"13";"callithrix jacchus";27306338,0863196;10402984,5668618;8523504,04097307;11264911,9417917;31208953,7005854;9134035,93154839
"14";"callithrix penicillata";124249225,338848;19776444,769224;13970406,2019882;15203441,1966795;101228581,700096;10738178,5460012
"15";"calomys callosus";96715434,1952548;16173109,4934756;11085343,7386813;14712621,4415111;85318838,9045155;10618466,4105943
"16";"calomys expulsus";70881555,3744404;13204248,5353838;9541057,19193193;10618466,4105943;45909603,9285558;7613691,81188044
"17";"calomys tener";115917260,714526;17226576,2850565;12102896,8896401;20027840,2535786;124081628,349278;14185888,0457206
"18";"calomys tocantinsi";14844304,7904587;4944111,19230601;3256170,08306836;9217834,42633324;36392489,1637052;5710268,85891033
"19";"caluromys lanatus";78255822,915507;11097314,952222;7398209,96814797;8774899,52532761;70642131,1036265;5889837,06202072
"20";"caluromys philander";180956863,881108;36775567,9970074;25594454,5500006;34967914,7523628;171128497,5642;24253678,633443
"21";"carterodon sulcidens";39516975,897826;6069405,2651311;4632859,640248;3220256,44244629;17190662,6444344;2537897,27062681
"22";"cavia aperea";167704730,491561;34309498,0076247;23547377,0345422;33555311,5545611;165597796,9084;23152326,9876993
"23";"cebus apella";10115675,4418852;4692715,70795147;3639248,91637052;6548253,80675881;15921714,009121;5626470,36412548
"24";"cebus cay";11995155,9677739;1891451,73942942;1304862,27593548;1939336,59359219;12114868,1031808;1340775,91655756
"25";"cebus libidinosus";119077661,089268;27940812,4039763;19812358,4098461;30358997,5391962;120609976,422477;21787608,6440604
"26";"cebus robustus";1903422,95297011;658416,744738088;610531,890575318;155625,776029003;466877,328087008;119712,135406925
"27";"cerdocyon thous";191886581,84376;41133089,7258195;30299141,4714928;40989435,1633312;192664710,723905;29951976,2788127
"28";"cerradomys maracajuensis";56647782,474557;8655187,38992069;5782096,14015448;10786063,400164;69157700,6245807;7051044,77546789
"29";"cerradomys scotti";112972342,183515;20961594,9097526;14102089,5509358;17932877,8839574;99121648,116934;12342321,160454
"30";"cerradomys subflavus";43647044,5693649;6153203,75991595;4417377,79651554;6967246,28068304;45430755,3869281;5075794,54125363
"31";"chironectes minimus";43012570,2517082;4513147,50484108;2897033,67684759;2454098,77584197;20027840,2535786;1663998,68215626
"32";"chrysocyon brachyurus";176431745,162726;36188978,5335135;25498684,8416751;33016606,94523;163790143,663755;23284010,3366469
"33";"clyomys bishopi";6189117,40053803;802071,307226398;478848,541627701;179568,203110388;921783,442633324;119712,135406925
"34";"clyomys laticeps";111954789,032556;14868247,2175401;10630437,624135;9816395,10336786;76244659,0406706;6859505,35881681
"35";"coendou prehensilis";199943208,556646;45502582,6681722;32837038,7421196;45394841,746306;199703784,285833;32789153,8879568
"36";"conepatus semistriatus";4082183,81737615;2082991,1560805;1891451,73942942;11612077,1344717;39397263,7624191;9313604,13465878
"37";"cryptonanus agricolai";41707707,9757727;8104511,56704883;5865894,63493933;5901808,27556141;24062139,216792;4345550,51527138
"38";"ctenomys boliviensis";7661576,66604321;4573003,57254454;3591364,06220775;407021,260383545;766157,666604321;275337,911435928
"39";"cuniculus paca";149125407,076407;32501844,7629802;22757276,9408565;30682220,3047949;144540432,290321;21105249,4722409
"40";"dactylomys dactylinus";19022258,3161604;8260137,34307783;5363103,66623025;7996770,6451826;22769248,1543972;5039880,90063155
"41";"dasyprocta azarae";59832125,2763812;12773284,8479189;8044655,49934537;13012709,1187328;57246343,1515916;8415763,11910684
"42";"dasypus novemcinctus";202217739,129378;45885661,5014744;33136319,0806369;45873690,2879337;202169854,275215;33124347,8670962
"43";"dasypus septemcinctus";201068502,629471;45227244,7567363;32609585,6848464;45885661,5014744;202253652,77;33136319,0806369
"44";"didelphis albiventris";190473978,645959;41492226,1320403;29736494,4350802;44832194,7098935;197118002,161043;32513815,9765209
"45";"didelphis aurita";21392558,5972175;2382271,49459781;1424574,41134241;1675969,89569695;13754924,3582557;1029524,36449956
"46";"didelphis marsupialis";25845850,0343551;7290469,04628174;5027909,68709086;2777321,54144066;9325575,34819947;2011163,87483634
"47";"eira barbara";199739697,926455;45023734,1265445;32334247,7734105;36069266,3981065;173187546,293199;25103634,7948322
"48";"euphractus sexcinctus";202145911,848134;45777920,5796082;33028578,1587706;45885661,5014744;202241681,556459;33136319,0806369
"49";"euryoryzomys lamia";18998315,889079;1759768,3904818;1328804,70301687;95769,7083255401;1268948,63531341;59856,0677034626
"50";"euryoryzomys russatus";17466000,5558704;1891451,73942942;1089380,43220302;634474,317656703;7314411,47336313;287309,12497662
"51";"euryzygomatomys spinosus";3268141,29660906;347165,192680083;131683,348947618;47884,8541627701;706301,598900858;35913,6406220775
"52";"galea flavidens";5841952,20785795;921783,442633324;814042,520767091;933754,656174016;4848341,48398047;837984,947848476
"53";"galea spixii";152632972,64383;33411656,9920728;23571319,4616236;32884923,5962823;144803798,988217;23762858,8782746
"54";"galictis cuja";16771670,1705102;2298472,99981296;1412603,19780172;1735825,96340041;10163560,2960479;1161207,71344717
"55";"galictis vittata";71396317,5566902;24313534,7011465;17741338,4673063;22266457,1856881;63806568,1718911;16185080,7070163
"56";"gracilinanus agilis";157158091,362211;28287977,5966564;20363034,232718;21931263,2065487;131910802,004891;15502721,5351968
"57";"gracilinanus microtarsus";14209830,472802;1975250,23421426;1352747,13009825;239424,27081385;1735825,96340041;167596,989569695
"58";"holochilus brasiliensis";36416431,5907866;5794067,35369518;3902615,61426576;5686326,43182894;31975111,3671897;3842759,5465623
"59";"holochilus sciureus";148419105,477506;37948746,9239953;27617589,6383776;36512201,2991122;139728004,446963;26863403,185314
"60";"hydrochoerus hydrochaeris";202241681,556459;45885661,5014744;33136319,0806369;45658208,4442012;201415667,822152;32920837,2369044
"61";"hylaeamys megacephalus";166531551,564574;32920837,2369044;22960787,5710482;31867370,4453235;159707959,846379;22218572,3315253
"62";"isothrix bistriata";5782096,14015448;3124486,73412075;2346357,85397573;430963,687464931;706301,598900858;155625,776029003
"63";"kerodon rupestris";5949693,12972418;1508372,90612726;1292891,06239479;1723854,74985972;5422959,73393371;1568228,97383072
"64";"kunsia tomentosus";17753309,680847;6272915,89532288;4680744,49441077;1400631,98426102;2669580,61957443;1125294,0728251
"65";"leopardus colocolo";66966968,5466339;11384624,0771986;8451676,75972891;7924943,36393844;52158577,3967973;5530700,65579994
"66";"leopardus pardalis";202229710,342919;45885661,5014744;33136319,0806369;45765949,3660675;201810717,868994;33040549,3723113
"67";"leopardus tigrinus";200673452,582629;45586381,1629571;32884923,5962823;44760367,4286493;197381368,858938;32334247,7734105
"68";"leopardus wiedii";140146996,920887;32597614,4713057;23295981,5501876;30694191,5183356;134233217,431785;22074917,769037
"69";"lontra longicaudis";116515821,39156;23762858,8782746;16089310,9986907;19812358,4098461;99588525,445021;13395787,9520349
"70";"lutreolina crassicaudata";26719748,6228257;3675162,5569926;2382271,49459781;3064630,66641728;21620011,6544907;1963279,02067357
"71";"marmosa murina";13683097,0770115;5818009,78077656;5087765,75479432;9301632,92111808;28814710,9924469;7901000,93685706
"72";"marmosops incanus";9840337,53044925;2861120,03622551;2370300,28105712;3028717,02579521;11097314,952222;2466069,98938266
"73";"mazama americana";147736746,305686;30131544,4819231;20734141,8524794;30634335,4506321;152166095,315743;21488328,3055431
"74";"mazama gouazoubira";135190914,515041;26001475,8103841;19285625,0140556;24684642,320908;134580382,624465;18435668,8526665
"75";"metachirus nudicaudatus";105921297,408047;24002283,1490885;15981570,0768245;25091663,5812915;124596390,531528;16855468,6652951
"76";"mico melanurus";17968791,5245795;5877865,84848002;3878673,18718437;2837177,60914413;6943303,85360166;2214674,50502812
"77";"micoureus constantiae";7266526,61920036;1915394,1665108;1292891,06239479;203510,630191773;634474,317656703;83798,4947848476
"78";"micoureus demerarae";116982698,719647;34896087,4711187;25785993,9666517;31747658,3099165;104688262,413356;23343866,4043504
"79";"monodelphis americana";48722839,1106185;7290469,04628174;5542671,86934063;3124486,73412075;20997508,5503747;2226645,71856881
"80";"monodelphis domestica";188151563,219064;40115536,5748606;28180236,6747902;38930386,4343321;185936888,714036;26959172,8936395
"81";"monodelphis kunsi";38092401,4864836;4752571,77565493;3280112,51014975;1568228,97383072;15837915,5143362;861927,374929861
"82";"monodelphis rubida";7733403,94728736;921783,442633324;586589,463493933;550675,822871856;4920168,76522462;347165,192680083
"83";"monodelphis umbristriata";23906513,440763;3052659,45287659;2274530,57273158;1197121,35406925;8703072,24408346;861927,374929861
"84";"myrmecophaga tridactyla";202229710,342919;45885661,5014744;33136319,0806369;45430755,3869281;200242488,895164;32896894,809823
"85";"nasua nasua";192173890,968737;42390067,1475922;30059717,2006789;36595999,793897;172828409,886978;26001475,8103841
"86";"neacomys spinosus";19824329,6233868;6667965,94216573;4381464,15589346;3244198,86952767;7158785,69733412;2442127,56230127
"87";"necromys lasiurus";200206575,254542;45167388,6890329;32489873,5494395;45454697,8140095;200673452,582629;32741269,033794
"88";"nectomys rattus";110829494,959731;30861788,5079053;22625593,5919088;30562508,169388;114684225,719834;22398140,5346357
"89";"nectomys squamipes";67577500,4372092;8571388,89513584;5925750,70264279;5195506,67666055;30849817,2943646;3723047,41115537
"90";"oecomys bicolor";78423419,9050767;17214605,0715158;11157171,0199254;17717396,0402249;86755384,5293986;11564192,280309
"91";"oecomys catherinae";94177536,924628;22278428,3992288;16651958,0351033;22541795,097124;91771323,0029488;16723785,3163474
"92";"oecomys concolor";18327927,9308002;4465262,65067831;3124486,73412075;383078,83330216;1496401,69258656;347165,192680083
"93";"oecomys mamorae";6021520,41096834;2274530,57273158;1675969,89569695;921783,442633324;2897033,67684759;694330,385360166
"94";"oecomys trinitatis";64141762,1510305;16651958,0351033;12928910,6239479;15167527,5560574;49560824,058467;11983184,7542332
"95";"oligoryzomys chacoensis";3076601,87995798;802071,307226398;538704,609331163;1759768,3904818;13730981,9311743;1292891,06239479
"96";"oligoryzomys eliurus";79201548,7852217;11264911,9417917;7745375,16082806;9756539,0356644;62597475,6042812;6751764,43695058
"97";"oligoryzomys flavescens";9325575,34819947;1652027,46861557;1221063,78115064;430963,687464931;3304054,93723113;287309,12497662
"98";"oligoryzomys fornesi";94237392,9923315;13826751,6394999;9481201,12422847;9181920,78571116;53738777,5841687;6428541,67135188
"99";"oligoryzomys microtis";16220994,3476384;7637634,23896182;5255362,74436401;6021520,41096834;11205055,8740882;4417377,79651554
"100";"oligoryzomys moojeni";29940005,065272;4944111,19230601;4165982,312161;1759768,3904818;9181920,78571116;1376689,55717964
"101";"oligoryzomys nigripes";92429739,7476869;12881025,7697851;8810813,16594969;9289661,70757739;59712413,1409743;6608109,87446227
"102";"oligoryzomys stramineus";16915324,7329985;4118097,45799822;2873091,2497662;4046270,17675407;14389398,6759124;2621695,76541166
"103";"oxymycterus roberti";78112168,3530187;10343128,4991583;7458066,03585144;10977602,816815;80745835,331971;7733403,94728736
"104";"ozotoceros bezoarticus";32968722,0910672;11540249,8532276;7901000,93685706;6620081,08800296;13898578,920744;4417377,79651554
"105";"panthera onca";120250840,016256;30885730,9349867;22888960,2898041;33088434,2264741;141415945,556201;23822714,9459781
"106";"pecari tajacu";202241681,556459;45885661,5014744;33136319,0806369;45873690,2879337;202241681,556459;33124347,8670962
"107";"philander frenatus";19321538,6546777;2861120,03622551;1951307,80713288;2298472,99981296;13467615,2332791;1687941,10923764
"108";"philander opossum";23894542,2272223;9241776,85341462;6129261,33283457;6404599,2442705;14413341,1029938;4561032,35900385
"109";"potos flavus";139105501,342847;33100405,4400148;23631175,529327;33531369,1274797;142074362,300939;23894542,2272223
"110";"priodontes maximus";150789405,758563;30981500,6433122;21667896,5086535;31316694,6224516;153171677,253161;22074917,769037
"111";"procyon cancrivorus";202181825,488756;45873690,2879337;33124347,8670962;44808252,2828121;198901712,978606;32262420,4921663
"112";"proechimys longicaudatus";81883100,6183368;18495524,9203699;12426119,6552388;16831526,2382137;86132881,4252826;11420537,7178207
"113";"proechimys roberti";65949415,3956751;14832333,576918;10893804,3220302;12450062,0823202;56348502,1360397;8882640,44719385
"114";"pseudalopex vetulus";154859618,362398;29066106,4768014;19620818,993195;28790768,5653655;147784631,159849;19944041,7587937
"115";"pseudoryzomys simplex";158798147,617286;30921644,5756088;20937652,4826712;32944779,6639858;163538748,1794;22829104,2221006
"116";"pteronura brasiliensis";112481522,428347;23391751,2585132;15371038,1862492;24397333,1959313;117940395,802903;16101282,2122314
"117";"puma concolor";201906487,57732;45873690,2879337;33136319,0806369;45885661,5014744;202121969,421052;33136319,0806369
"118";"puma yagouaroundi";202229710,342919;45885661,5014744;33136319,0806369;44712482,5744865;199284791,811908;32202564,4244629
"119";"rhipidomys emiliae";7266526,61920036;2717465,4737372;1915394,1665108;359136,406220775;1747797,17694111;191539,41665108
"120";"rhipidomys macrurus";139716033,233422;28814710,9924469;22003090,4877928;31975111,3671897;149771852,607604;23822714,9459781
"121";"rhipidomys mastacalis";5949693,12972418;682359,171819473;311251,552058005;119712,135406925;598560,677034626;59856,0677034626
"122";"sciurus aestuans";138782278,577248;29568897,4455105;20386976,6597994;29018221,6226387;135550050,921261;19680675,0608985
"123";"sooretamys angouya";19501106,8577881;2825206,39560343;1975250,23421426;1005581,93741817;7039073,5619272;718272,812441551
"124";"speothos venaticus";202205767,915837;45885661,5014744;33136319,0806369;45849747,8608523;202038170,926268;33100405,4400148
"125";"sphiggurus spinosus";76029177,1969382;11300825,5824137;7374267,54106659;11181113,4470068;75502443,8011477;7362296,3275259
"126";"sylvilagus brasiliensis";198997482,686932;44413202,2359692;31807514,37762;43347764,2308476;196435642,989223;30754047,5860391
"127";"tamandua tetradactyla";202253652,77;45885661,5014744;33136319,0806369;45885661,5014744;202241681,556459;33136319,0806369
"128";"tapirus terrestris";202241681,556459;45885661,5014744;33136319,0806369;45873690,2879337;202098026,993971;33124347,8670962
"129";"tayassu pecari";200709366,223251;45586381,1629571;32884923,5962823;45586381,1629571;200709366,223251;32884923,5962823
"130";"thalpomys cerradensis";58239953,8754691;11324768,0094951;7398209,96814797;11624048,3480124;65949415,3956751;8056626,71288606
"131";"thalpomys lasiotis";59748326,7815963;10055819,3741817;7733403,94728736;7398209,96814797;39971882,0123723;5470844,58809648
"132";"thrichomys apereoides";51512131,8655999;11205055,8740882;7805231,22853152;10103704,2283445;40127507,7884013;7098929,62963066
"133";"thrichomys inermis";95769,7083255401;0;0;538704,609331163;1879480,52588872;299280,338517313
"134";"thrichomys pachyurus";11624048,3480124;2190732,07794673;1532315,33320864;2597753,33833028;18244129,4360154;1855538,09880734
"135";"thylamys karimii";81667618,7746043;22817133,0085599;16077339,78515;20267264,5243924;69708376,4474525;14521082,02486
"136";"thylamys macrurus";2765350,32789997;347165,192680083;179568,203110388;71827,2812441551;1149236,49990648;35913,6406220775
"137";"thylamys velutinus";60682081,4377704;6943303,85360166;5087765,75479432;5111708,1818757;44844165,9234342;3746989,83823676
"138";"tolypeutes matacus";909812,229092631;311251,552058005;299280,338517313;610531,890575318;4441320,22359692;466877,328087008
"139";"tolypeutes tricinctus";33591225,1951832;7817202,44207221;5758153,7130731;4656802,06732939;14760506,2956739;3327997,36431252
"140";"trinomys setosus";1197121,35406925;442934,901005623;395050,046842853;47884,8541627701;59856,0677034626;35913,6406220775
"141";"wiedomys pyrrhorhinos";14796419,9362959;3327997,36431252;2621695,76541166;4058241,39029476;17609655,1183587;3280112,51014975
